SIMD版执行时间: 0.0813 秒
解向量验证:
x[0] = 1.000000
x[1] = 1.000000
x[2] = 1.000000
x[1021] = 1.000000
x[1022] = 1.000000
x[1023] = 1.000000
